R0 = 0x4000 0000 -> 15
R1 = 15

R0 = 0x4000 0004 -> 7
R2 = 7

R3 {<- R1 } = 15  0x0000 000f -> 0x0000 000 1111
R4 {<- R2 } = 7   0x0000 0007 -> 0x0000 000 0111

R5 <- 0 //1 i
R6 <- 0 //0 j

count_bits
                    R3 {<- R1 } = 15  0x0000 000f -> 0x0000 000 1111
    TST R3, #1
    {
    1 & 1 -> 1
    1 & 0 -> 0
    }
    1 1 -> 1
    R5+=1 -> 1
    R6    -> 0
                    R3 {<- R1 } = 15  0x0000 000f -> 0x0000 000 0111
    TST R3, #1
    {
    1 & 1 -> 1
    1 & 0 -> 0
    }
    1 1 -> 1
    R5+=1 -> 2
    R6    -> 0
                    R3 {<- R1 } = 15  0x0000 000f -> 0x0000 000 0011
    TST R3, #1
    {
    1 & 1 -> 1
    1 & 0 -> 0
    }
    1 1 -> 1
    R5+=1 -> 3
    R6    -> 0
                    R3 {<- R1 } = 15  0x0000 000f -> 0x0000 000 0001
    TST R3, #1
    {
    1 & 1 -> 1
    1 & 0 -> 0
    }
    1 1 -> 1
    R5+=1 -> 4
    R6    -> 0
                    R3 {<- R1 } = 15  0x0000 000f -> 0x0000 000 0000
    CMP 0 
    BNE 

    R3 <- R4        R4 {<- R2 } = 7   0x0000 0007 -> 0x0000 000 0111

count_bits2

                    R3 {<- R1 } = 15  0x0000 000f -> 0x0000 000 0111
    TST R3, #1
    {
    1 & 1 -> 1
    1 & 0 -> 0
    }
    1 1 -> 1
    R5+=1 -> 5
    R6    -> 0
                    R3 {<- R1 } = 15  0x0000 000f -> 0x0000 000 0011
    TST R3, #1
    {
    1 & 1 -> 1
    1 & 0 -> 0
    }
    1 1 -> 1
    R5+=1 -> 6
    R6    -> 0
                    R3 {<- R1 } = 15  0x0000 000f -> 0x0000 000 0001
    TST R3, #1
    {
    1 & 1 -> 1
    1 & 0 -> 0
    }
    1 1 -> 1
    R5+=1 -> 7
    R6    -> 0
                    R3 {<- R1 } = 15  0x0000 000f -> 0x0000 000 0000
    TST R3, #1
    {
    1 & 1 -> 1
    1 & 0 -> 0
    }
    1 1 -> 1
    R5 -> 7
    R6+=1 -> 1
                    R3 {<- R1 } = 15  0x0000 000f -> 0x0000 000 0000
    CMP 0 



R0 <- onescount
R5 -> [R0] 7
r7 <- zeroscount
R6 -> [R7] 1


